transform:
  translation:
    x: 0.5457777081200389
    y: 0.08712351262695918
    z: 0.7845599702392917
  rotation:
    x: -0.7038853847962745
    y: 0.7098563226056901
    z: 0.0023955882788710874
    w: 0.025369814420394605
