transform:
  translation:
    x: -0.002899
    y: -0.085699
    z: 0.040709
  rotation:
    x: 0.025585
    y: -0.008916
    z: 0.014190
    w: 0.999532
