tray_detect:
  ros__parameters:
    color_topic: /camera/color/image_raw
    depth_topic: /camera/depth/image_raw
    camera_info_topic: /camera/color/camera_info
    overlay_topic: tray_overlay
    red_threshold: 64
    green_threshold: 110
    blue_threshold: 135
    depth_threshold_mm: 10
    detection_mode: rgb
    ray_step_px: 26
    depth_edge_offset_px: 20
    previous_color_percent: 87
    horizontal_ray_count: 57
    vertical_ray_count: 53
    outlier_sensitivity: 91
    detect_black_to_white: true
    trace_out_to_in: true
    depth_plane_enabled: false
    depth_plane_a: 0
    depth_plane_b: 0
    depth_plane_c: 0
    depth_plane_reference_depth_m: 0
    depth_plane_roi: [0, 0, 0, 0]
    roi_points: [168, 16, 661, 14, 681, 456, 178, 456]
    tray_name: brown_tray
    teach_date: 2026-05-09
    teach_joints_deg: [-63.570998061103488, 11.652998725476641, -114.0519923782132, 12.54600503501166, 90.797010780271506, 27.013989941412682]
    taught_edge_lengths_cm: [27.869523731478729, 26.107072414954747, 19.703945675150891, 16.505150228097836]
    taught_area_cm2: 551.44199591513768
